5.065903904132584e76
1.638400000000000e04
3.273600000000000e04
1.270000000000000e02
6.690810402539714e153
8.970910077291440e307
9.187343239835812e18
3.251200000000000e04
5.427754182999197e76
8.426686569667106e307
9.079256848778920e18
8.935141660703064e18
6.697357183755506e153
9.151314442816848e18
3.270400000000000e04
3.251200000000000e04
8.918243286231020e307
1.996093750000000e00
4.342203346399357e76
6.494406966065945e153
0e0
2 8
0 4
9 4
6 3
8 9
8 10
7 6
6 4
3 8
3 10
5 6
4 6
9 9
6 6
8 4
6 4
6 10
8 1
1 8
4 9
0.500000
0.750000
0.875000
0.937500
0.968750
0.984375
0.992188
0.996094
0.998047
0.999023