1000
1
2
3
5
8
13
21
34
55
89
144
233
377
610
987
1597
2584
4181
6765
10946
17711
28657
46368
75025
121393
196418
317811
514229
832040
1346269
2178309
3524578
5702887
9227465
14930352
24157817
39088169
63245986
102334155
165580141
267914296
433494437
701408733
1134903170
1836311903
2971215073
4807526976
7778742049
12586269025
20365011074
32951280099
53316291173
86267571272
139583862445
225851433717
365435296162
591286729879
956722026041
1548008755920
2504730781961
4052739537881
6557470319842
10610209857723
17167680177565
27777890035288
44945570212853
72723460248141
117669030460994
190392490709135
308061521170129
498454011879264
806515533049393
1304969544928657
2111485077978050
3416454622906707
5527939700884757
8944394323791464
14472334024676221
23416728348467685
37889062373143906
61305790721611591
99194853094755497
160500643816367088
259695496911122585
420196140727489673
679891637638612258
1100087778366101931
1779979416004714189
2880067194370816120
4660046610375530309
7540113804746346429
12200160415121876738
19740274219868223167
31940434634990099905
51680708854858323072
83621143489848422977
135301852344706746049
218922995834555169026
354224848179261915075
573147844013817084101
927372692193078999176
1500520536206896083277
2427893228399975082453
3928413764606871165730
6356306993006846248183
10284720757613717413913
16641027750620563662096
26925748508234281076009
43566776258854844738105
70492524767089125814114
114059301025943970552219
184551825793033096366333
298611126818977066918552
483162952612010163284885
781774079430987230203437
1264937032042997393488322
2046711111473984623691759
3311648143516982017180081
5358359254990966640871840
8670007398507948658051921
14028366653498915298923761
22698374052006863956975682
36726740705505779255899443
59425114757512643212875125
96151855463018422468774568
155576970220531065681649693
251728825683549488150424261
407305795904080553832073954
659034621587630041982498215
1066340417491710595814572169
1725375039079340637797070384
2791715456571051233611642553
4517090495650391871408712937
7308805952221443105020355490
11825896447871834976429068427
19134702400093278081449423917
30960598847965113057878492344
50095301248058391139327916261
81055900096023504197206408605
131151201344081895336534324866
212207101440105399533740733471
343358302784187294870275058337
555565404224292694404015791808
898923707008479989274290850145
1454489111232772683678306641953
2353412818241252672952597492098
3807901929474025356630904134051
6161314747715278029583501626149
9969216677189303386214405760200
16130531424904581415797907386349
26099748102093884802012313146549
42230279526998466217810220532898
68330027629092351019822533679447
110560307156090817237632754212345
178890334785183168257455287891792
289450641941273985495088042104137
468340976726457153752543329995929
757791618667731139247631372100066
1226132595394188293000174702095995
1983924214061919432247806074196061
3210056809456107725247980776292056
5193981023518027157495786850488117
8404037832974134882743767626780173
13598018856492162040239554477268290
22002056689466296922983322104048463
35600075545958458963222876581316753
57602132235424755886206198685365216
93202207781383214849429075266681969
150804340016807970735635273952047185
244006547798191185585064349218729154
394810887814999156320699623170776339
638817435613190341905763972389505493
1033628323428189498226463595560281832
1672445759041379840132227567949787325
2706074082469569338358691163510069157
4378519841510949178490918731459856482
7084593923980518516849609894969925639
11463113765491467695340528626429782121
18547707689471986212190138521399707760
30010821454963453907530667147829489881
48558529144435440119720805669229197641
78569350599398894027251472817058687522
127127879743834334146972278486287885163
205697230343233228174223751303346572685
332825110087067562321196029789634457848
538522340430300790495419781092981030533
871347450517368352816615810882615488381
1409869790947669143312035591975596518914
2281217241465037496128651402858212007295
3691087032412706639440686994833808526209
5972304273877744135569338397692020533504
9663391306290450775010025392525829059713
1563569558016819491057936379021784959321
2529908688645864568558938918274367865293
4093478246662684059616875297296152824614
6623386935308548628175814215570520689907
1071686518197123268779268951286667351452
1734025211727978131596850372843719420443
2805711729925101400376119324130386771895
4539736941653079531972969696974106192338
7345448671578180932349089021104492964233
1188518561323126046432205871807859915657
1923063428480944139667114773918309212080
3111581989804070186099320645726169127737
5034645418285014325766435419644478339818
8146227408089084511865756065370647467555
1318087282637409883763219148501512580737
2132710023446318334949794755038577327493
3450797306083728218713013903540089908230
5583507329530046553662808658578667235723
9034304635613774772375822562118757143953
1461781196514382132603863122069742437967
2365211660075759609841445378281618152363
3826992856590141742445308500351360590330
6192204516665901352286753878632978742693
1001919737325604309473206237898433933302
1621140188992194444701881625761731807571
2623059926317798754175087863660165740874
4244200115309993198876969489421897548446
6867260041627791953052057353082063289320
1111146015693778515192902684250396083776
1797872019856557710498108419558602412708
2909018035550336225691011103808998496485
4706890055406893936189119523367600909194
7615908090957230161880130627176599405679
1232279814636412409806925015054420031487
1993870623732135425994938077772079972055
3226150438368547835801863092826500003542
5220021062100683261796801170598579975598
8446171500469231097598664263425079979140
1366619256256991435939546543402365995473
2211236406303914545699412969744873993387
3577855662560905981638959513147239988861
5789092068864820527338372482892113982249
9366947731425726508977331996039353971111
1515603980029054703631570447893146795336
2452298753171627354529303647497082192447
3967902733200682058160874095390228987783
6420201486372309412690177742887311180230
1038810421957299147085105183827754016801
1680830570594530088354122958116485134824
2719640992551829235439228141944239151625
4400471563146359323793351100060724286450
7120112555698188559232579242004963438076
1152058411884454788302593034206568772452
1864069667454273644225850958407065116260
3016128079338728432528443992613633888712
4880197746793002076754294951020699004973
7896325826131730509282738943634332893686
1277652357292473258603703389465503189865
2067284939905646309531977283828936479234
3344937297198119568135680673294439669100
5412222237103765877667657957123376148335
8757159534301885445803338630417815817435
1416938177140565132347099658754119196577
2292654130570753676927433521795900778320
3709592307711318809274533180550019974897
6002246438282072486201966702345920753218
9711838745993391295476499882895940728116
1571408518427546378167846658524186148133
2542592393026885507715496646813780220945
4114000911454431885883343305337966369078
6656593304481317393598839952151746590023
1077059421593574927948218325748971295910
1742718752041706667308102320964145954912
2819778173635281595256320646713117250822
4562496925676988262564422967677263205735
7382275099312269857820743614390380456558
1194477202498925812038516658206764366229
1932704712430152797820591019645802411885
3127181914929078609859107677852566778114
5059886627359231407679698697498369189999
8187068542288310017538806375350935968114
1324695516964754142521850507284930515811
2143402371193585144275731144820024112622
3468097888158339286797581652104954628434
5611500259351924431073312796924978741056
9079598147510263717870894449029933369491
1469109840686218814894420724595491211054
2377069655437245186681510169498484548003
3846179496123464001575930894093975759058
6223249151560709188257441063592460307062
1006942864768417318983337195768643606612
1629267779924488237809081302127889637318
2636210644692905556792418497896533243930
4265478424617393794601499800024422881248
6901689069310299351393918297920956125179
1116716749392769314599541809794537900642
1806885656323799249738933639586633513160
2923602405716568564338475449381171413803
4730488062040367814077409088967804926964
7654090467756936378415884538348976340768
1238457852979730419249329362731678126773
2003866899755424057090917816566575760850
3242324752735154476340247179298253887623
5246191652490578533431164995864829648473
8488516405225733009771412175163083536096
1373470805771631154320257717102791318457
2222322446294204455297398934619099672066
3595793252065835609617656651721890990523
5818115698360040064915055586340990662590
9413908950425875674532712238062881653114
1523202464878591573944776782440387231570
2464593359921179141398048006246675396881
3987795824799770715342824788687062628452
6452389184720949856740872794933738025334
1044018500952072057208369758362080065378
1689257419424167042882457037855453867912
2733275920376239100090826796217533933290
4422533339800406142973283834072987801202
7155809260176645243064110630290521734493
1157834259997705138603739446436350953569
1873415186015369662910150509465403127018
3031249446013074801513889955901754080588
4904664632028444464424040465367157207607
7935914078041519265937930421268911288196
1284057871006996373036197088663606849580
2077649278811148299629990130790497978399
3361707149818144672666187219454104827980
5439356428629292972296177350244602806380
8801063578447437644962364569698707634360
1424042000707673061725854191994331044074
2304148358552416826222090648964201807510
3728190359260089887947944840958532851584
6032338717812506714170035489922734659094
9760529077072596602117980330881267510678
1579286779488510331628801582080400216977
2555339687195769991840599615168526968045
4134626466684280323469401197248927185022
6689966153880050315310000812417454153067
1082459262056433063877940200966638133809
1751455877444438095408940282208383549115
2833915139500871159286880483175021682924
4585371016945309254695820765383405232040
7419286156446180413982701248558426914965
1200465717339148966867852201394183214700
1942394332983767008266122326250025906197
3142860050322915975133974527644209120897
5085254383306682983400096853894235027094
8228114433629598958534071381538444147992
1331336881693628194193416823543267917508
2154148325056588090046823961697112332308
3485485206750216284240240785240380249816
5639633531806804374287064746937492582124
9125118738557020658527305532177872831941
1476475227036382503281437027911536541406
2388987100892084569134167581129323824600
3865462327928467072415604609040860366007
6254449428820551641549772190170184190608
1011991175674901871396537679921104455661
1637436118556957035551514898938122874722
2649427294231858906948052578859227330383
4286863412788815942499567477797350205106
6936290707020674849447620056656577535490
1122315411980949079194718753445392774059
1815944482683016564139480759111050527608
2938259894663965643334199512556443301668
4754204377346982207473680271667493829277
7692464272010947850807879784223937130945
1244666864935793005828156005589143096022
2013913292136887790908943984011536809116
3258580157072680796737099989600679905139
5272493449209568587646043973612216714255
8531073606282249384383143963212896619394
1380356705549181797202918793682511333365
2233464066177406735641233190003800995304
3613820771726588532844151983686312328669
5847284837903995268485385173690113323974
9461105609630583801329537157376425652643
1530839044753457906981492233106653897661
2476949605716516287114445948844296462926
4007788650469974194095938181950950360587
6484738256186490481210384130795246823514
1049252690665646467530632231274619718410
1697726516284295515651670644354144400761
2746979206949941983182302875628764119171
4444705723234237498833973519982908519933
7191684930184179482016276395611672639105
1163639065341841698085024991559458115903
1882807558360259646286652631120625379814
3046446623702101344371677622680083495718
4929254182062360990658330253800708875532
7975700805764462335030007876480792371250
1290495498782682332568833813028150124678
2088065579359128566071834600676229361803
3378561078141810898640668413704379486481
5466626657500939464712503014380608848285
8845187735642750363353171428084988334767
1431181439314368982806567444246559718305
2315700212878644019141884587055058551781
3746881652193013001948452031301618270087
6062581865071657021090336618356676821869
9809463517264670023038788649658295091956
1587204538233632704412912526801497191382
2568150889960099706716791391767326700578
4155355428193732411129703918568823891960
6723506318153832117846495310336150592538
1087886174634756452897619922890497448449
1760236806450139664682269453924112507703
2848122981084896117579889376814609956153
4608359787535035782262158830738722463857
7456482768619931899842048207553332420011
1206484255615496768210420703829205488386
1952132532477489958194625524584538730388
3158616788092986726405046228413744218774
5110749320570476684599671752998282949163
8269366108663463411004717981412027167937
1338011542923394009560438973441031011710
2164948153789740350660910771582233728503
3502959696713134360221349745023264740213
5667907850502874710882260516605498468717
9170867547216009071103610261628763208931
1483877539771888378198587077823426167764
2400964294493489285308948103986302488658
3884841834265377663507535181809728656423
6285806128758866948816483285796031145081
1017064796302424461232401846760575980150
1645645409178311156114050175340179094658
2662710205480735617346452022100755074809
4308355614659046773460502197440934169467
6971065820139782390806954219541689244276
1127942143479882916426745641698262341374
1825048725493861155507441063652431265802
2952990868973744071934186705350693607176
4778039594467605227441627769003124872978
7731030463441349299375814474353818480155
1250907005790895452681744224335694335313
2024010052135030382619325671771076183328
3274917057925925835301069896106770518642
5298927110060956217920395567877846701971
8573844167986882053221465463984617220613
1387277127804783827114186103186246392258
2244661544603472032436332649584708114319
3631938672408255859550518752770954506578
5876600217011727891986851402355662620898
9508538889419983751537370155126617127476
1538513910643171164352422155748227974837
2489367799585169539506159171260889687585
4027881710228340703858581327009117662422
6517249509813510243364740498270007350007
1054513122004185094722332182527912501243
1706238072985536119058806232354913236243
2760751194989721213781138414882825737486
4466989267975257332839944647237738973730
7227740462964978546621083062120564711217
1169472973094023587946102770935830368494
1892247019390521442608211077147886839616
3061719992484545030554313848083717208111
4953967011875066473162524925231604047727
8015687004359611503716838773315321255839
1296965401623467797687936369854692530356
2098534102059428948059620247186224655940
3395499503682896745747556617040917186297
5494033605742325693807176864227141842237
8889533109425222439554733481268059028535
1438356671516754813336191034549520087077
2327309982459277057291664382676325989930
3765666653976031870627855417225846077008
6092976636435308927919519799902172066938
9858643290411340798547375217128018143947
1595161992684664972646689501703019021088
2581026321725799052501427023415820835483
4176188314410464025148116525118839856571
6757214636136263077649543548534660692055
1093340295054672710279766007365350054862
1769061758668299018044720362218816124068
2862402053722971728324486369584166178930
4631463812391270746369206731802982302999
7493865866114242474693693101387148481930
1212532967850551322106289983319013078492
1961919554461975569575659293457727926685
3174452522312526891681949276776741005178
5136372076774502461257608570234468931864
8310824599087029352939557847011209937043
1344719667586153181419716641724567886890
2175802127494856116713672426425688880595
3520521795081009298133389068150256767486
5696323922575865414847061494575945648081
9216845717656874712980450562726202415567
1491316964023274012782751205730214806364
2413001535788961484080796262002835047921
3904318499812235496863547467733049854286
6317320035601196980944343729735884902208
1022163853541343247780789119746893475649
1653895857101462945875223492720481965870
2676059710642806193656012612467375441519
4329955567744269139531236105187857407389
7006015278387075333187248717655232848909
1133597084613134447271848482284309025629
1834198612451841980590573354049832310520
2967795697064976427862421836334141336150
4801994309516818408452995190383973646671
7769790006581794836315417026718114982822
1257178431609861324476841221710208862949
2034157432268040808108382924382020361231
3291335863877902132585224146092229224181
5325493296145942940693607070474249585412
8616829160023845073278831216566478809594
1394232245616978801397243828704072839500
2255915161619363308725126950360720720460
3650147407236342110122370779064793559960
5906062568855705418847497729425514280420
9556209976092047528969868508490307840381
1546227254494775294781736623791582212080
2501848252103980047678723474640612996118
4048075506598755342460460098432195208198
6549923758702735390139183573072808204317
1059799926530149073259964367150500341251
1714792302400422612273882724457781161683
2774592228930571685533847091608281502934
4489384531330994297807729816066062664618
7263976760261565983341576907674344167553
1175336129159256028114930672374040683217
1901733805185412626449088363141475099972
3077069934344668654564019035515515783189
4978803739530081281013107398656990883161
8055873673874749935577126434172506666351
1303467741340483121659023383282949754951
2109055108727958115216736026700200421586
3412522850068441236875759409983150176537
5521577958796399352092495436683350598124
8934100808864840588968254846666500774662
1445567876766123994106075028334985137278
2338977957652608053002900513001635214744
3784545834418732047108975541336620352023
6123523792071340100111876054338255566768
9908069626490072147220851595674875918791
1603159341856141224733272765001313148556
2593966304505148439455357924568800740435
4197125646361289664188630689570113888991
6791091950866438103643988614138914629426
1098821759722772776783261930370902851841
1777930954809416587147660791784794314784
2876752714532189363930922722155697166626
4654683669341605951078583513940491481410
7531436383873795315009506236096188648036
1218612005321540126608808975003668012944
1971755643708919658109759598613286877748
3190367649030459784718568573616954890693
5162123292739379442828328172230241768441
8352490941769839227546896745847196659134
1351461423450921867037522491807743842757
2186710517627905789792212166392463508671
3538171941078827656829734658200207351428
5724882458706733446621946824592670860099
9263054399785561103451681482792878211528
1498793685849229455007362830738554907162
2425099125827785565352530979017842728315
3923892811677015020359893809756397635478
6348991937504800585712424788774240363794
1027288474918181560607231859853063799927
1662187668668661619178474338730487836306
2689476143586843179785706198583551636234
4351663812255504798964180537314039472540
7041139955842347978749886735897591108774
1139280376809785277771406727321163058131
1843394372394020075646395400910922169009
2982674749203805353417802128232085227140
4826069121597825429064197529143007396149
7808743870801630782481999657375092623290
1263481299239945621154619718651810001943
2044355686320108699402819684389319264272
3307836985560054320557439403041129266216
5352192671880163019960259087430448530489
8660029657440217340517698490471577796706
1401222232932038036047795757790202632719
2267225198676059770099565606837360412390
3668447431608097806147361364627563045110
5935672630284157576246926971464923457500
9604120061892255382394288336092486502610
1553979269217641295864121530755740996011
2514391275406866834103550364364989646272
4068370544624508129967671895120730642283
6582761820031374964071222259485720288555
1065113236465588309403889415460645093083
1723389418468725805811011641409217121939
2788502654934314115214901056869862215023
4511892073403039921025912698279079336962
7300394728337354036240813755148941551985
1181228680174039395726672645342802088894
1911268153007774799350754020857696244093
3092496833181814195077426666200498332988
5003764986189588994428180687058194577081
8096261819371403189505607353258692910070
1310002680556099218393378804031688748715
2119628862493239537343939539357558039722
3429631543049338755737318343389246788437
5549260405542578293081257882746804828159
8978891948591917048818576226136051616596
1452815235413449534189983410888285644475
2350704430272641239071841033501890806135
3803519665686090773261824444390176450610
6154224095958732012333665477892067256746
9957743761644822785595489922282243707357
1611196785760355479792915540017431096410
2606971161924837758352464532245655467146
4218167947685193238145380072263086563556
6825139109610030996497844604508742030702
1104330705729522423464322467677182859425
1786844616690525523114106928128057062496
2891175322420047946578429395805239921922
4678019939110573469692536323933296984418
7569195261530621416270965719738536906340
1224721520064119488596350204367183389075
1981641046217181630223446776341037079709
3206362566281301118819796980708220468785
5188003612498482749043243757049257548495
8394366178779783867863040737757478017281
1358236979127826661690628449480673556577
2197673597005805048476932523256421358305
3555910576133631710167560972737094914883
5753584173139436758644493495993516273189
9309494749273068468812054468730611188072
1506307892241250522745654796472412746126
2437257367168557369626860243345473864933
3943565259409807892372515039817886611059
6380822626578365261999375283163360475993
1032438788598817315437189032298124708705
1670521051256653841637126560614460756304
2702959839855471157074315592912585465009
4373480891112124998711442153527046221314
7076440730967596155785757746439631686324
1144992162207972115449719989996667790763
1852636235304731731028295764640630959396
2997628397512703846478015754637298750160
4850264632817435577506311519277929709556
7847893030330139423984327273915228459716
1269815766314757500149063879319315816927
2054605069347771442547496606710838662899
3324420835662528942696560486030154479826
5379025905010300385244057092740993142725
8703446740672829327940617578771147622551
1408247264568312971318467467151214076527
2278591938635595904112529225028328838782
3686839203203908875430996692179542915310
5965431141839504779543525917207871754093
9652270345043413654974522609387414669404
1561770148688291843451804852659528642349
2526997183192633208949257113598270109290
4088767331880925052401061966257798751639
6615764515073558261350319079856068860930
1070453184695448331375138104611386761257
1732029636202804157510170012596993647350
2802482820898252488885308117208380408607
4534512457101056646395478129805374055957
7336995277999309135280786247013754464564
1187150773510036578167626437681912852052
1920850301309967491695705062383288298508
3108001074820004069863331500065201150560
5028851376129971561559036562448489449069
8136852450949975631422368062513690599629
1316570382707994719298140462496218004869
2130255627802992282440377268747587064832
3446826010510987001738517731243805069702
5577081638313979284178894999991392134535
9023907648824966285917412731235197204238
1460098928713894557009630773122658933877
2362489693596391185601372046246178654301
3822588622310285742611002819368837588178
6185078315906676928212374865615016242479
1000766693821696267082337768498385383065
1619274525412363959903575255059887007313
2620041219234060226985913023558272390379
4239315744646424186889488278618159397693
6859356963880484413875401302176431788073
1109867270852690860076488958079459118576
1795802967240739301464029088297102297383
2905670238093430161540518046376561415960
4701473205334169463004547134673663713344
7607143443427599624545065181050225129305
1230861664876176908754961231572388884264
1991576009218936871209467749677411397195
3222437674095113779964428981249800281460
5214013683314050651173896730927211678656
8436451357409164431138325712177011960116
1365046504072321508231222244310422363877
2208691639813237951345054815528123559888
3573738143885559459576277059838545923766
5782429783698797410921331875366669483655
9356167927584356870497608935205215407421
1513859771128315428141894081057188489107
2449476563886751115191654974577710029849
3963336335015066543333549055634898518957
6412812898901817658525204030212608548807
1037614923391688420185875308584750706776
1678896213281870186038395711606011561657
2716511136673558606224271020190762268433
4395407349955428792262666731796773830090
7111918486628987398486937751987536098524
1150732583658441619074960448378430992861
1861924432321340358923654223577184602713
3012657015979781977998614671955615595575
4874581448301122336922268895532800198289
7887238464280904314920883567488415793864
1276181991258202665184315246302121599215
2064905837686293096676403603050963178601
3341087828944495761860718849353084777817
5405993666630788858537122452404047956419
8747081495575284620397841301757132734236
1415307516220607347893496375416118069065
2290015665778135809933280505591831342489
3705323181998743157826776881007949411554
5995338847776878967760057386599780754044
9700662029775622125586834267607730165599
1569600087755250109334689165420751091964
2539666290732812321893372592181524108524
4109266378488062431228061757602275200488
6648932669220874753121434349783799309012
1075819904770893718434949610738607450950
1740713171692981193747093045716987381851
2816533076463874912182042656455594832801
4557246248156856105929135702172582214652
7373779324620731018111178358628177047454
1193102557277758712404031406080075926210
1930480489739831814215149241942893630956
3123583047017590526619180648022969557166
5054063536757422340834329889965863188123
8177646583775012867453510537988832745290
1323171012053243520828784042795469593341
2140935670430744807574135096594352867870
3464106682483988328402919139389822461211
5605042352914733135977054235984175329081
9069149035398721464379973375373997790293
1467419138831345460035702761135817311937
2374334042371217606473700098673217090966
3841753181202563066509402859809034402904
6216087223573780672983102958482251493871
1005784040477634373949250581829128589677
1627392762835012441247560877677353739064
2633176803312646815196811459506482328742
4260569566147659256444372337183836067807
6893746369460306071641183796690318396549
1115431593560796532808555613387415446435
1804806230506827139972673993056447286090
2920237824067623672781229606443862732526
4725044054574450812753903599500310018616
7645281878642074485535133205944172751143
1237032593321652529828903680544448276975
2001560781185859978382417001138865552090
3238593374507512508211320681683313829066
5240154155693372486593737682822179381156
8478747530200884994805058364505493210222
1371890168589425748139879604732767259137
2219764921609514247620385441183316580160
3591655090198939995760265045916083839298
5811420011808454243380650487099400419458
9403075102007394239140915533015484258756
1521449511381584848252156602011488467821
2461757021582324272166248155313036893697
3983206532963909120418404757324525361518
6444963554546233392584652912637562255215
1042817008751014251300305766996208761673
1687313364205637590558771058259964987195
2730130372956651841859076825256173748868
4417443737162289432417847883516138736063
7147574110118941274276924708772312484931
1156501784728123070669477259228845122099
1871259195740017198097169730106076370592
3027760980468140268766646989334921492692
4899020176208157466863816719440997863285
7926781156676297735630463708775919355977
1282580133288445520249428042821691721926
2075258248956075293812474413699283657523
3357838382244520814061902456520975379450
5433096631200596107874376870220259036974
8790935013445116921936279326741234416424
1422403164464571302981065619696149345339
2301496665809082995174693552370272786982
3723899830273654298155759172066422132322
6025396496082737293330452724436694919304
9749296326356391591486211896503117051626
1577469282243912888481666462093981197093
2552398914879552047630287651744292902255
4129868197123464936111954113838274099348
6682267112003016983742241765582567001604
1081213530912648191985419587942084110095
1749440242112949890359643764500340810255
2830653773025598082345063352442424920351
4580094015138547972704707116942765730606
7410747788164146055049770469385190650958
1199084180330269402775447758632795638156
1940158959146684008280424805571314703252
3139243139476953411055872564204110341408
5079402098623637419336297369775425044661
8218645238100590830392169933979535386069
1329804733672422824972846730375496043073
2151669257482481908012063723773449581680
3481473991154904732984910454148945624753
5633143248637386640996974177922395206433
9114617239792291373981884632071340831186
1474776048842967801497885880999373603761
2386237772822196938896074344206507686880
3861013821665164740393960225205881290642
6247251594487361679290034569412388977523
1010826541615252641968399479461827026816
1635551701063988809897402936403065924568
2646378242679241451865802415864892951385
4281929943743230261763205352267958875954
6928308186422471713629007768132851827339
1121023813016570197539221312040081070329
1813854631658817368902122088853366253063
2934878444675387566441343400893447323392
4748733076334204935343465489746813576456
7683611521009592501784808890640260899849
1243234459734379743712827438038707447630
2011595611835338993891308327102733537615
3254830071569718737604135765141440985245
5266425683405057731495444092244174522861
8521255754974776469099579857385615508107
1378768143837983420059502394962979003096
2230893719335461066969460380701540553907
3609661863173444487028962775664519557004
5840555582508905553998423156366060110912
9450217445682350041027385932030579667916
1529077302819125559502580908839663977882
2474099047387360563605319502042721944674
4003176350206486123107900410882385922557
6477275397593846686713219912925107867231
1048045174780033280982112032380749378978
1695772714539417949653434023673260165702
2743817889319451230635546056054009544681
4439590603858869180288980079727269710383
7183408493178320410924526135781279255064
1162299909703718959121350621550854896544
1880640759021551000213803235128982822051
3042940668725269959335153856679837718595
4923581427746820959548957091808820540647
7966522096472090918884110948488658259243
1289010352421891187843306804029747879989
2085662562069100279731717898878613705913
3374672914490991467575024702908361585902
5460335476560091747306742601786975291815
8835008391051083214881767304695336877718
1429534386761117496218850990648231216953
2313035225866225817707027721117764904725
3742569612627343313925878711765996121678
6055604838493569131632906432883761026403
9798174451120912445558785144649757148082
1585377928961448157719169157753351817448
2565195374073539402275047672218327532256
4150573303034987559994216829971679349705
6715768677108526962269264502190006881962
1086634198014351452226348133216168623166
1758211065725204148453274583435169311362
2844845263739555600679622716651337934529
4603056329464759749132897300086507245892
7447901593204315349812520016737845180422
1205095792266907509894541731682435242631
1949885951587339044875793733356219760673
3154981743854246554770335465038655003305
5104867695441585599646129198394874763979
8259849439295832154416464663433529767284
1336471713473741775406259386182840453126
2162456657403324990847905852526193429854
3498928370877066766254165238709033882981
5661385028280391757102071091235227312835
9160313399157458523356236329944261195817
1482169842743785028045830742117948850865
2398201182659530880381454375112374970446
3880371025403315908427285117230323821312
6278572208062846788808739492342698791759
1015894323346616269723602460957302261307
1643751544152900948604476410191572140483
2659645867499517218328078871148874401790
4303397411652418166932555281340446542273
6963043279151935385260634152489320944063
1126644069080435355219318943382976748633
1822948396995628893745382358631908843040
2949592466076064248964701302014885591673
4772540863071693142710083660646794434713
7722133329147757391674784962661680026387
1249467419221945053438486862330847446110
2021680752136720792605965358597015448748
3271148171358665846044452220927862894859
5292828923495386638650417579524878343607
8563977094854052484694869800452741238466
1385680601834943912334528737997761958207
2242078311320349160804015718043036082054
3627758913155293073138544456040798040261
5869837224475642233942560174083834122315
9497596137630935307081104630124632162577
1536743336210657754102366480420846628489
2486502949973751284810476943433309844747
4023246286184409038912843423854156473236
6509749236158160323723320367287466317983
1053299552234256936263616379114162279121
1704274475850072968635948415842908910920
2757574028084329904899564794957071190042
4461848503934402873535513210799980100962
7219422532018732778435078005757051291004
1168127103595313565197059121655703139196
1890069356797186843040566922231408268297
3058196460392500408237626043887111407494
4948265817189687251278192966118519675791
8006462277582187659515819010005631083285
1295472809477187491079401197612415075907
2096119037235406257030983098612978184236
3391591846712593748110384296225393260143
5487710883948000005141367394838371444380
8879302730660593753251751691063764704523
1436701361460859375839311908590213614890
2324631634526918751164487077696590085342
3761332995987778127003798986286803700233
6085964630514696878168286063983393785575
9847297626502475005172085050270197485809
1593326225701717188334037111425359127138
2578055988351964688851245616452378875719
4171382214053681877185282727877738002857
6749438202405646566036528344330116878577
1092082041645932844322181107220785488143
1767025861886497500925833941653797176001
2859107903532430345248015048874582664144
4626133765418927846173848990528379840146
7485241668951358191421864039402962504290
1211137543437028603759571302993134234443
1959661710332164422901757706933430484872
3170799253769193026661329009926564719316
5130460964101357449563086716859995204189
8301260217870550476224415726786559923505
1343172118197190792578750244364655512769
2173298139984245840201191817043311505120
3516470258181436632779942061407967017889
5689768398165682472981133878451278523009
9206238656347119105761075939859245540899
1489600705451280157874220981831052406390
2410224571085992068450328575816976960480
3899825276537272226324549557648029366871
6310049847623264294774878133465006327352
1020987512416053652109942769111303569422
1651992497178380081587430582457804202157
2672980009594433733697373351569107771580
4324972506772813815284803934026911973737
6997952516367247548982177285596019745317
1132292502314006136426698121962293171905
1832087753950730891324915850521895146437
2964380256264737027751613972484188318342
4796468010215467919076529823006083464780
7760848266480204946828143795490271783123
1255731627669567286590467361849635524790
2031816454317587781273281741398662703102
3287548081987155067863749103248298227892
5319364536304742849137030844646960930995
8606912618291897917000779947895259158888
1392627715459664076613781079254222008988
2253318977288853868313859074043747924877
3645946692748517944927640153297969933865
5899265670037371813241499227341717858743
9545212362785889758169139380639687792608
1544447803282326157141063860798140565135
2498969039560915132957977798862109344396
4043416842843241290099041659660249909531
6542385882404156423057019458522359253927
1058580272524739771315606111818260916345
1712818860765155413621308057670496841738
2771399133289895184936914169488757758084
4484217994055050598558222227159254599823
7255617127344945783495136396648012357907
1173983512139999638205335862380726695773
1899545224874494216554849502045527931563
3073528737014493854760185364426254627336
4973073961888988071315034866471782558900
8046602698903481926075220230898037186237
1301967666079246999739025509736981974513
2106627935969595192346547532826785693137
3408595602048842192085573042563767667651
5515223538018437384432120575390553360788
8923819140067279576517693617954321028440
1443904267808571696094981419334487438922
2336286181815299653746750781129919541766
3780190449623871349841732200464406980689
6116476631439171003588482981594326522456
9896667081063042353430215182058733503146
1601314371250221335701869816365306002560
2590981079356525571044891334571179352875
4192295450606746906746761150936485355435
6783276529963272477791652485507664708310
1097557198057001938453841363644415006374
1775884851053329186233006612195181477205
2873442049110331124686847975839596483580
4649326900163660310919854588034777960785
7522768949273991435606702563874374444365
1217209584943765174652655715190915240515
1969486479871164318213325971578352684951
3186696064814929492865981686769267925466
5156182544686093811079307658347620610418
8342878609501023303945289345116888535885
1349906115418711711502459700346450914630
2184193976368814041896988634858139768219
3534100091787525753399448335204590682849
5718294068156339795296436970062730451068
9252394159943865548695885305267321133917
1497068822810020534399232227533005158498
2422308238804407089268820758059737271890
3919377061614427623668052985592742430389
6341685300418834712936873743652479702279
1026106236203326233660492672924522213266
1660274766245209704954180047289770183494
2686381002448535938614672720214292396761
4346655768693745643568852767504062580256
7033036771142281582183525487718354977018
